# kuairec_big
factors: 64
lr: 0.001
reg_1: 0.00001
reg_2: 0.000001
epochs: 30
num_layers: 4